[26, 166]
[79, 332]
[49, 341]
[54, 155]
[23, 172]
[379, 1848]
[47, 163]
[21, 216]
[264, 1714]
[116, 315]
[66, 213]
[49, 276]
[292, 1220]
[130, 771]
[25, 106]
[85, 285]
[166, 607]
[76, 120]
[26, 123]
[28, 576]
[23, 252]
[244, 1612]
[27, 315]
[42, 261]
[46, 212]
[89, 111]
[37, 226]
[35, 144]
[100, 176]
[119, 158]
[82, 359]
[85, 120]
[300, 1008]
[278, 464]
[50, 112]
[27, 262]
[101, 604]
[112, 507]
[87, 1135]
[52, 900]
[66, 273]
[384, 1552]
[66, 102]
[65, 359]
[51, 110]
[22, 148]
[49, 251]
[119, 588]
[366, 1706]
[163, 306]
[201, 1374]
[23, 119]
[93, 562]
[34, 172]
[23, 112]
[78, 115]
[111, 300]
[135, 834]
[28, 129]
[104, 768]
[46, 101]
[90, 474]
[228, 326]
[58, 207]
[24, 147]
[120, 106]
[168, 1509]
[65, 105]
[41, 149]
[125, 675]
[84, 233]
[66, 645]
[28, 170]
[83, 457]
[57, 360]
[143, 1674]
[36, 169]
[26, 150]
[72, 132]
[43, 269]
[366, 646]
[105, 432]
[96, 444]
[47, 341]
[21, 118]
[23, 120]
[32, 221]
[78, 158]
[56, 125]
[75, 413]
[107, 140]
[21, 198]
[38, 274]
[48, 214]
[64, 159]
[50, 213]
[37, 127]
[30, 161]
[35, 134]
[37, 361]
[42, 434]
[89, 621]
[150, 570]
[40, 177]
[256, 1253]
[67, 368]
[56, 217]
[41, 191]
[48, 123]
[45, 637]
[24, 125]
[194, 671]
[63, 184]
[50, 177]
[121, 111]
[22, 326]
[97, 208]
[50, 232]
[78, 392]
[62, 226]
[40, 126]
[59, 260]
[93, 203]
[212, 977]
[33, 213]
[81, 219]
[69, 338]
[44, 124]
[73, 388]
[363, 1443]
[22, 816]
[77, 631]
[32, 134]
[38, 149]
[51, 155]
[85, 710]
[67, 167]
[121, 311]
[29, 151]
[34, 134]
[164, 548]
[28, 208]
[110, 189]
[200, 1693]
[23, 185]
[30, 113]
[94, 555]
[35, 347]
[32, 344]
[56, 130]
[100, 844]
[31, 228]
[103, 853]
[131, 448]
[23, 197]
[45, 285]
[34, 121]
[34, 148]
[262, 962]
[49, 294]
[30, 246]
[35, 228]
[32, 191]
[397, 1262]
[102, 380]
[25, 241]
[201, 597]
[165, 399]
[25, 115]
[21, 102]
[34, 101]
[31, 428]
[114, 653]
[98, 283]
[52, 266]
[110, 415]
[30, 114]
[85, 822]
[176, 264]
[46, 164]
[179, 721]
[70, 329]
[23, 118]
[22, 165]
[23, 231]
[97, 185]
[40, 167]
[242, 887]
[206, 1055]
[150, 634]
[58, 107]
[32, 156]
[21, 202]
[45, 379]
[42, 153]
[40, 215]
[243, 1407]
[179, 559]
[85, 159]
[39, 152]
[31, 279]
[55, 113]
[48, 395]
[102, 739]
[75, 205]
[129, 301]
[85, 425]
[140, 492]
[36, 234]
[21, 167]
[39, 115]
[31, 123]
[68, 268]
[70, 287]
[65, 298]
[51, 234]
[197, 963]
[48, 131]
[189, 575]
[52, 368]
[44, 237]
[36, 221]
[49, 125]
[26, 203]
[65, 312]
[24, 212]
[77, 429]
[21, 284]
[65, 720]
[39, 140]
[72, 193]
[23, 336]
[79, 170]
[38, 116]
[196, 195]
[190, 646]
[103, 206]
[28, 147]
[294, 996]
[228, 963]
[225, 962]
[60, 138]
[29, 195]
[45, 120]
[195, 664]
[87, 105]
[276, 152]
[42, 257]
[281, 553]
[81, 172]
[312, 1152]
[43, 144]
[90, 242]
[82, 590]
[255, 1177]
[253, 430]
[79, 111]
[41, 157]
[22, 106]
[80, 472]
[51, 179]
[25, 116]
[29, 233]
[22, 203]
[43, 277]
[61, 410]
[30, 131]
[80, 150]
[21, 197]
[303, 199]
[26, 140]
[27, 112]
[58, 199]
[319, 1745]
[33, 168]
[65, 343]
[26, 167]
[35, 168]
[79, 325]
[37, 252]
[30, 109]
[89, 186]
[391, 1883]
[32, 124]
[71, 400]
[34, 173]
[26, 123]
[36, 107]
[31, 195]
[56, 408]
[71, 184]
[46, 307]
[46, 224]
[180, 876]
[51, 274]
[37, 194]
[48, 223]
[234, 562]
[67, 126]
[239, 485]
[70, 135]
[87, 223]
[127, 710]
[178, 672]
[82, 249]
[61, 326]
[99, 437]
[52, 312]
[81, 344]
[28, 203]
[320, 1132]
[80, 471]
[30, 154]
[263, 1590]
[37, 284]
[26, 173]
[94, 601]
[42, 101]
[52, 207]
[51, 180]
[58, 152]
[50, 182]
[285, 1837]
[50, 339]
[80, 286]
[45, 228]
[32, 119]
[66, 186]
[39, 192]
[25, 161]
[33, 235]
[56, 226]
[61, 462]
[48, 144]
[88, 115]